255 255 255 255 255 255 255 255 255 255 255 255 255 255 255 255
255 226 170 169 169 169 169 169 169 169 169 169 169 169 218 255
255 170   8   4   4   4   4   4   4   4   4   4   4   5 147 255
255 169   4   0   0   0   0   0   0   0   0   0   0   1 145 255
255 169   4   0  15  60  63  63  63  63  61  20   0   1 145 255
255 169   4   0  60 233 244 244 244 244 239  78   0   1 145 255
255 169   4   0  63 244 247 243 255 255 250  82   0   1 145 255
255 169   4   0  63 240 165 128 248 255 250  82   0   1 145 255
255 169   4   0  63 166  50  34 136 251 250  82   0   1 145 255
255 169   4   0  63 212 112  78 206 253 250  82   0   1 145 255
255 169   4   0  60 233 208 191 243 244 239  78   0   1 145 255
255 169   4   0  15  60  63  63  63  63  61  20   0   1 145 255
255 169   4   0   0   0   0   0   0   0   0   0   0   1 145 255
255 170   8   4   4   4   4   4   4   4   4   4   4   5 147 255
255 226 170 169 169 169 169 169 169 169 169 169 169 169 218 255
255 255 255 255 255 255 255 255 255 255 255 255 255 255 255 255
255 255 255 255 255 255 255 255 255 255 255 255 255 255 255 255
255 226 170 169 169 169 169 169 169 169 169 169 169 169 218 255
255 170   8   4   4   4   4   4   4   4   4   4   4   5 147 255
255 169   4   0   0   0   0   0   0   0   0   0   0   1 145 255
255 169   4   0  15  60  63  63  63  63  61  20   0   1 145 255
255 169   4   0  60 233 244 244 244 244 239  78   0   1 145 255
255 169   4   0  63 244 247 243 255 255 250  82   0   1 145 255
255 169   4   0  63 240 165 128 248 255 250  82   0   1 145 255
255 169   4   0  63 166  50  34 136 251 250  82   0   1 145 255
255 169   4   0  63 212 112  78 206 253 250  82   0   1 145 255
255 169   4   0  60 233 208 191 243 244 239  78   0   1 145 255
255 169   4   0  15  60  63  63  63  63  61  20   0   1 145 255
255 169   4   0   0   0   0   0   0   0   0   0   0   1 145 255
255 170   8   4   4   4   4   4   4   4   4   4   4   5 147 255
255 226 170 169 169 169 169 169 169 169 169 169 169 169 218 255
255 255 255 255 255 255 255 255 255 255 255 255 255 255 255 255
255 255 255 255 255 255 255 255 255 255 255 255 255 255 255 255
255 226 170 169 169 169 169 169 169 169 169 169 169 169 218 255
255 170   8   4   4   4   4   4   4   4   4   4   4   5 147 255
255 169   4   0   0   0   0   0   0   0   0   0   0   1 145 255
255 169   4   0  15  60  63  63  63  63  61  20   0   1 145 255
255 169   4   0  60 233 244 244 244 244 239  78   0   1 145 255
255 169   4   0  63 244 247 243 255 255 250  82   0   1 145 255
255 169   4   0  63 240 165 128 248 255 250  82   0   1 145 255
255 169   4   0  63 166  50  34 136 251 250  82   0   1 145 255
255 169   4   0  63 212 112  78 206 253 250  82   0   1 145 255
255 169   4   0  60 233 208 191 243 244 239  78   0   1 145 255
255 169   4   0  15  60  63  63  63  63  61  20   0   1 145 255
255 169   4   0   0   0   0   0   0   0   0   0   0   1 145 255
255 170   8   4   4   4   4   4   4   4   4   4   4   5 147 255
255 226 170 169 169 169 169 169 169 169 169 169 169 169 218 255
255 255 255 255 255 255 255 255 255 255 255 255 255 255 255 255

255 255 255 255 255 255 255 255 255 255 255 255 255 255 255 255
255 226 170 169 169 169 169 169 169 169 169 169 169 170 226 255
255 170   8   4   4   4   4   4   4   4   4   4   4   8 170 255
255 169   4   0   0   0   0   0   0   0   0   0   0   4 169 255
255 169   4   0  15  60  63  63  63  63  60  15   0   4 169 255
255 169   4   0  60 233 212 166 239 244 233  60   0   4 169 255
255 169   4   0  63 208 113  50 165 247 244  63   0   4 169 255
255 169   4   0  63 191  77  34 128 244 244  63   0   4 169 255
255 169   4   0  63 243 206 136 247 255 244  63   0   4 169 255
255 169   4   0  63 244 254 251 255 255 244  63   0   4 169 255
255 169   4   0  62 239 250 250 250 250 239  62   0   4 169 255
255 169   4   0  20  79  82  82  82  82  79  20   0   4 169 255
255 169   4   0   0   0   0   0   0   0   0   0   0   4 169 255
255 169   5   1   1   1   1   1   1   1   1   1   1   5 169 255
255 218 147 145 145 145 145 145 145 145 145 145 145 147 218 255
255 255 255 255 255 255 255 255 255 255 255 255 255 255 255 255
255 255 255 255 255 255 255 255 255 255 255 255 255 255 255 255
255 226 170 169 169 169 169 169 169 169 169 169 169 170 226 255
255 170   8   4   4   4   4   4   4   4   4   4   4   8 170 255
255 169   4   0   0   0   0   0   0   0   0   0   0   4 169 255
255 169   4   0  15  60  63  63  63  63  60  15   0   4 169 255
255 169   4   0  60 233 212 166 239 244 233  60   0   4 169 255
255 169   4   0  63 208 113  50 165 247 244  63   0   4 169 255
255 169   4   0  63 191  77  34 128 244 244  63   0   4 169 255
255 169   4   0  63 243 206 136 247 255 244  63   0   4 169 255
255 169   4   0  63 244 254 251 255 255 244  63   0   4 169 255
255 169   4   0  62 239 250 250 250 250 239  62   0   4 169 255
255 169   4   0  20  79  82  82  82  82  79  20   0   4 169 255
255 169   4   0   0   0   0   0   0   0   0   0   0   4 169 255
255 169   5   1   1   1   1   1   1   1   1   1   1   5 169 255
255 218 147 145 145 145 145 145 145 145 145 145 145 147 218 255
255 255 255 255 255 255 255 255 255 255 255 255 255 255 255 255
255 255 255 255 255 255 255 255 255 255 255 255 255 255 255 255
255 226 170 169 169 169 169 169 169 169 169 169 169 170 226 255
255 170   8   4   4   4   4   4   4   4   4   4   4   8 170 255
255 169   4   0   0   0   0   0   0   0   0   0   0   4 169 255
255 169   4   0  15  60  63  63  63  63  60  15   0   4 169 255
255 169   4   0  60 233 212 166 239 244 233  60   0   4 169 255
255 169   4   0  63 208 113  50 165 247 244  63   0   4 169 255
255 169   4   0  63 191  77  34 128 244 244  63   0   4 169 255
255 169   4   0  63 243 206 136 247 255 244  63   0   4 169 255
255 169   4   0  63 244 254 251 255 255 244  63   0   4 169 255
255 169   4   0  62 239 250 250 250 250 239  62   0   4 169 255
255 169   4   0  20  79  82  82  82  82  79  20   0   4 169 255
255 169   4   0   0   0   0   0   0   0   0   0   0   4 169 255
255 169   5   1   1   1   1   1   1   1   1   1   1   5 169 255
255 218 147 145 145 145 145 145 145 145 145 145 145 147 218 255
255 255 255 255 255 255 255 255 255 255 255 255 255 255 255 255

255 255 255 255 255 255 255 255 255 255 255 255 255 255 255 255
255 218 169 169 169 169 169 169 169 169 169 169 169 170 226 255
255 147   5   4   4   4   4   4   4   4   4   4   4   8 170 255
255 145   1   0   0   0   0   0   0   0   0   0   0   4 169 255
255 145   1   0  20  61  63  63  63  63  60  15   0   4 169 255
255 145   1   0  78 239 244 243 191 208 233  60   0   4 169 255
255 145   1   0  82 250 253 206  78 112 212  63   0   4 169 255
255 145   1   0  82 250 251 136  34  50 166  63   0   4 169 255
255 145   1   0  82 250 255 248 128 165 240  63   0   4 169 255
255 145   1   0  82 250 255 255 243 247 244  63   0   4 169 255
255 145   1   0  78 239 244 244 244 244 233  60   0   4 169 255
255 145   1   0  20  61  63  63  63  63  60  15   0   4 169 255
255 145   1   0   0   0   0   0   0   0   0   0   0   4 169 255
255 147   5   4   4   4   4   4   4   4   4   4   4   8 170 255
255 218 169 169 169 169 169 169 169 169 169 169 169 170 226 255
255 255 255 255 255 255 255 255 255 255 255 255 255 255 255 255
255 255 255 255 255 255 255 255 255 255 255 255 255 255 255 255
255 218 169 169 169 169 169 169 169 169 169 169 169 170 226 255
255 147   5   4   4   4   4   4   4   4   4   4   4   8 170 255
255 145   1   0   0   0   0   0   0   0   0   0   0   4 169 255
255 145   1   0  20  61  63  63  63  63  60  15   0   4 169 255
255 145   1   0  78 239 244 243 191 208 233  60   0   4 169 255
255 145   1   0  82 250 253 206  78 112 212  63   0   4 169 255
255 145   1   0  82 250 251 136  34  50 166  63   0   4 169 255
255 145   1   0  82 250 255 248 128 165 240  63   0   4 169 255
255 145   1   0  82 250 255 255 243 247 244  63   0   4 169 255
255 145   1   0  78 239 244 244 244 244 233  60   0   4 169 255
255 145   1   0  20  61  63  63  63  63  60  15   0   4 169 255
255 145   1   0   0   0   0   0   0   0   0   0   0   4 169 255
255 147   5   4   4   4   4   4   4   4   4   4   4   8 170 255
255 218 169 169 169 169 169 169 169 169 169 169 169 170 226 255
255 255 255 255 255 255 255 255 255 255 255 255 255 255 255 255
255 255 255 255 255 255 255 255 255 255 255 255 255 255 255 255
255 218 169 169 169 169 169 169 169 169 169 169 169 170 226 255
255 147   5   4   4   4   4   4   4   4   4   4   4   8 170 255
255 145   1   0   0   0   0   0   0   0   0   0   0   4 169 255
255 145   1   0  20  61  63  63  63  63  60  15   0   4 169 255
255 145   1   0  78 239 244 243 191 208 233  60   0   4 169 255
255 145   1   0  82 250 253 206  78 112 212  63   0   4 169 255
255 145   1   0  82 250 251 136  34  50 166  63   0   4 169 255
255 145   1   0  82 250 255 248 128 165 240  63   0   4 169 255
255 145   1   0  82 250 255 255 243 247 244  63   0   4 169 255
255 145   1   0  78 239 244 244 244 244 233  60   0   4 169 255
255 145   1   0  20  61  63  63  63  63  60  15   0   4 169 255
255 145   1   0   0   0   0   0   0   0   0   0   0   4 169 255
255 147   5   4   4   4   4   4   4   4   4   4   4   8 170 255
255 218 169 169 169 169 169 169 169 169 169 169 169 170 226 255
255 255 255 255 255 255 255 255 255 255 255 255 255 255 255 255

255 255 255 255 255 255 255 255 255 255 255 255 255 255 255 255
255 218 147 145 145 145 145 145 145 145 145 145 145 147 218 255
255 169   5   1   1   1   1   1   1   1   1   1   1   5 169 255
255 169   4   0   0   0   0   0   0   0   0   0   0   4 169 255
255 169   4   0  20  79  82  82  82  82  79  20   0   4 169 255
255 169   4   0  62 239 250 250 250 250 239  62   0   4 169 255
255 169   4   0  63 244 255 255 251 254 244  63   0   4 169 255
255 169   4   0  63 244 255 247 136 206 243  63   0   4 169 255
255 169   4   0  63 244 244 128  34  77 191  63   0   4 169 255
255 169   4   0  63 244 247 165  50 113 208  63   0   4 169 255
255 169   4   0  60 233 244 239 166 212 233  60   0   4 169 255
255 169   4   0  15  60  63  63  63  63  60  15   0   4 169 255
255 169   4   0   0   0   0   0   0   0   0   0   0   4 169 255
255 170   8   4   4   4   4   4   4   4   4   4   4   8 170 255
255 226 170 169 169 169 169 169 169 169 169 169 169 170 226 255
255 255 255 255 255 255 255 255 255 255 255 255 255 255 255 255
255 255 255 255 255 255 255 255 255 255 255 255 255 255 255 255
255 218 147 145 145 145 145 145 145 145 145 145 145 147 218 255
255 169   5   1   1   1   1   1   1   1   1   1   1   5 169 255
255 169   4   0   0   0   0   0   0   0   0   0   0   4 169 255
255 169   4   0  20  79  82  82  82  82  79  20   0   4 169 255
255 169   4   0  62 239 250 250 250 250 239  62   0   4 169 255
255 169   4   0  63 244 255 255 251 254 244  63   0   4 169 255
255 169   4   0  63 244 255 247 136 206 243  63   0   4 169 255
255 169   4   0  63 244 244 128  34  77 191  63   0   4 169 255
255 169   4   0  63 244 247 165  50 113 208  63   0   4 169 255
255 169   4   0  60 233 244 239 166 212 233  60   0   4 169 255
255 169   4   0  15  60  63  63  63  63  60  15   0   4 169 255
255 169   4   0   0   0   0   0   0   0   0   0   0   4 169 255
255 170   8   4   4   4   4   4   4   4   4   4   4   8 170 255
255 226 170 169 169 169 169 169 169 169 169 169 169 170 226 255
255 255 255 255 255 255 255 255 255 255 255 255 255 255 255 255
255 255 255 255 255 255 255 255 255 255 255 255 255 255 255 255
255 218 147 145 145 145 145 145 145 145 145 145 145 147 218 255
255 169   5   1   1   1   1   1   1   1   1   1   1   5 169 255
255 169   4   0   0   0   0   0   0   0   0   0   0   4 169 255
255 169   4   0  20  79  82  82  82  82  79  20   0   4 169 255
255 169   4   0  62 239 250 250 250 250 239  62   0   4 169 255
255 169   4   0  63 244 255 255 251 254 244  63   0   4 169 255
255 169   4   0  63 244 255 247 136 206 243  63   0   4 169 255
255 169   4   0  63 244 244 128  34  77 191  63   0   4 169 255
255 169   4   0  63 244 247 165  50 113 208  63   0   4 169 255
255 169   4   0  60 233 244 239 166 212 233  60   0   4 169 255
255 169   4   0  15  60  63  63  63  63  60  15   0   4 169 255
255 169   4   0   0   0   0   0   0   0   0   0   0   4 169 255
255 170   8   4   4   4   4   4   4   4   4   4   4   8 170 255
255 226 170 169 169 169 169 169 169 169 169 169 169 170 226 255
255 255 255 255 255 255 255 255 255 255 255 255 255 255 255 255
